400.00 1.87204278 0.00000000
405.00 1.87204173 0.00000000
410.00 1.87204072 0.00000000
415.00 1.87203974 0.00000000
420.00 1.87203880 0.00000000
425.00 1.87203790 0.00000000
430.00 1.87203702 0.00000000
435.00 1.87203617 0.00000000
440.00 1.87203536 0.00000000
445.00 1.87203457 0.00000000
450.00 1.87203380 0.00000000
455.00 1.87203306 0.00000000
460.00 1.87203235 0.00000000
465.00 1.87203166 0.00000000
470.00 1.87203099 0.00000000
475.00 1.87203034 0.00000000
480.00 1.87202971 0.00000000
485.00 1.87202910 0.00000000
490.00 1.87202851 0.00000000
495.00 1.87202794 0.00000000
500.00 1.87202738 0.00000000
505.00 1.87202684 0.00000000
510.00 1.87202632 0.00000000
515.00 1.87202581 0.00000000
520.00 1.87202531 0.00000000
525.00 1.87202483 0.00000000
530.00 1.87202437 0.00000000
535.00 1.87202391 0.00000000
540.00 1.87202347 0.00000000
545.00 1.87202305 0.00000000
550.00 1.87202263 0.00000000
555.00 1.87202222 0.00000000
560.00 1.87202183 0.00000000
565.00 1.87202144 0.00000000
570.00 1.87202107 0.00000000
575.00 1.87202070 0.00000000
580.00 1.87202035 0.00000000
585.00 1.87202000 0.00000000
590.00 1.87201966 0.00000000
595.00 1.87201933 0.00000000
600.00 1.87201901 0.00000000
605.00 1.87201870 0.00000000
610.00 1.87201840 0.00000000
615.00 1.87201810 0.00000000
620.00 1.87201781 0.00000000
625.00 1.87201752 0.00000000
630.00 1.87201725 0.00000000
635.00 1.87201698 0.00000000
640.00 1.87201671 0.00000000
645.00 1.87201645 0.00000000
650.00 1.87201620 0.00000000
655.00 1.87201595 0.00000000
660.00 1.87201571 0.00000000
665.00 1.87201548 0.00000000
670.00 1.87201525 0.00000000
675.00 1.87201502 0.00000000
680.00 1.87201480 0.00000000
685.00 1.87201459 0.00000000
690.00 1.87201438 0.00000000
695.00 1.87201417 0.00000000
700.00 1.87201397 0.00000000
705.00 1.87201377 0.00000000
710.00 1.87201358 0.00000000
715.00 1.87201339 0.00000000
720.00 1.87201320 0.00000000
725.00 1.87201302 0.00000000
730.00 1.87201284 0.00000000
735.00 1.87201267 0.00000000
740.00 1.87201250 0.00000000
745.00 1.87201233 0.00000000
750.00 1.87201217 0.00000000
755.00 1.87201201 0.00000000
760.00 1.87201185 0.00000000
765.00 1.87201170 0.00000000
770.00 1.87201154 0.00000000
775.00 1.87201140 0.00000000
780.00 1.87201125 0.00000000
785.00 1.87201111 0.00000000
790.00 1.87201097 0.00000000
795.00 1.87201083 0.00000000
800.00 1.87201070 0.00000000
805.00 1.87201056 0.00000000
810.00 1.87201043 0.00000000
815.00 1.87201031 0.00000000
820.00 1.87201018 0.00000000
825.00 1.87201006 0.00000000
830.00 1.87200994 0.00000000
835.00 1.87200982 0.00000000
840.00 1.87200970 0.00000000
845.00 1.87200959 0.00000000
850.00 1.87200947 0.00000000
855.00 1.87200936 0.00000000
860.00 1.87200926 0.00000000
865.00 1.87200915 0.00000000
870.00 1.87200904 0.00000000
875.00 1.87200894 0.00000000
880.00 1.87200884 0.00000000
885.00 1.87200874 0.00000000
890.00 1.87200864 0.00000000
895.00 1.87200855 0.00000000
900.00 1.87200845 0.00000000
905.00 1.87200836 0.00000000
910.00 1.87200827 0.00000000
915.00 1.87200818 0.00000000
920.00 1.87200809 0.00000000
925.00 1.87200800 0.00000000
930.00 1.87200791 0.00000000
935.00 1.87200783 0.00000000
940.00 1.87200775 0.00000000
945.00 1.87200766 0.00000000
950.00 1.87200758 0.00000000
955.00 1.87200751 0.00000000
960.00 1.87200743 0.00000000
965.00 1.87200735 0.00000000
970.00 1.87200727 0.00000000
975.00 1.87200720 0.00000000
980.00 1.87200713 0.00000000
985.00 1.87200706 0.00000000
990.00 1.87200698 0.00000000
995.00 1.87200691 0.00000000
1000.00 1.87200685 0.00000000
1005.00 1.87200678 0.00000000
1010.00 1.87200671 0.00000000
1015.00 1.87200664 0.00000000
1020.00 1.87200658 0.00000000
1025.00 1.87200652 0.00000000
1030.00 1.87200645 0.00000000
1035.00 1.87200639 0.00000000
1040.00 1.87200633 0.00000000
1045.00 1.87200627 0.00000000
1050.00 1.87200621 0.00000000
1055.00 1.87200615 0.00000000
1060.00 1.87200609 0.00000000
1065.00 1.87200603 0.00000000
1070.00 1.87200598 0.00000000
1075.00 1.87200592 0.00000000
1080.00 1.87200587 0.00000000
1085.00 1.87200581 0.00000000
1090.00 1.87200576 0.00000000
1095.00 1.87200571 0.00000000
1100.00 1.87200566 0.00000000
1105.00 1.87200561 0.00000000
1110.00 1.87200556 0.00000000
1115.00 1.87200551 0.00000000
1120.00 1.87200546 0.00000000
1125.00 1.87200541 0.00000000
1130.00 1.87200536 0.00000000
1135.00 1.87200531 0.00000000
1140.00 1.87200527 0.00000000
1145.00 1.87200522 0.00000000
1150.00 1.87200518 0.00000000
1155.00 1.87200513 0.00000000
1160.00 1.87200509 0.00000000
1165.00 1.87200504 0.00000000
1170.00 1.87200500 0.00000000
1175.00 1.87200496 0.00000000
1180.00 1.87200492 0.00000000
1185.00 1.87200487 0.00000000
1190.00 1.87200483 0.00000000
1195.00 1.87200479 0.00000000
1200.00 1.87200475 0.00000000
1205.00 1.87200471 0.00000000
1210.00 1.87200468 0.00000000
1215.00 1.87200464 0.00000000
1220.00 1.87200460 0.00000000
1225.00 1.87200456 0.00000000
1230.00 1.87200452 0.00000000
1235.00 1.87200449 0.00000000
1240.00 1.87200445 0.00000000
1245.00 1.87200442 0.00000000
1250.00 1.87200438 0.00000000
1255.00 1.87200435 0.00000000
1260.00 1.87200431 0.00000000
1265.00 1.87200428 0.00000000
1270.00 1.87200424 0.00000000
1275.00 1.87200421 0.00000000
1280.00 1.87200418 0.00000000
1285.00 1.87200415 0.00000000
1290.00 1.87200411 0.00000000
1295.00 1.87200408 0.00000000
1300.00 1.87200405 0.00000000
1305.00 1.87200402 0.00000000
1310.00 1.87200399 0.00000000
1315.00 1.87200396 0.00000000
1320.00 1.87200393 0.00000000
1325.00 1.87200390 0.00000000
1330.00 1.87200387 0.00000000
1335.00 1.87200384 0.00000000
1340.00 1.87200381 0.00000000
1345.00 1.87200378 0.00000000
1350.00 1.87200376 0.00000000
1355.00 1.87200373 0.00000000
1360.00 1.87200370 0.00000000
1365.00 1.87200367 0.00000000
1370.00 1.87200365 0.00000000
1375.00 1.87200362 0.00000000
1380.00 1.87200359 0.00000000
1385.00 1.87200357 0.00000000
1390.00 1.87200354 0.00000000
1395.00 1.87200352 0.00000000
1400.00 1.87200349 0.00000000
