400	2.473787587
401	2.471640333
402	2.469516178
403	2.467414806
404	2.465335905
405	2.463279169
406	2.461244297
407	2.459230992
408	2.457238963
409	2.455267924
410	2.453317591
411	2.451387688
412	2.449477942
413	2.447588083
414	2.445717847
415	2.443866974
416	2.442035208
417	2.440222297
418	2.438427993
419	2.436652052
420	2.434894234
421	2.433154301
422	2.431432023
423	2.429727169
424	2.428039514
425	2.426368836
426	2.424714916
427	2.42307754
428	2.421456495
429	2.419851573
430	2.418262568
431	2.416689279
432	2.415131506
433	2.413589053
434	2.412061727
435	2.410549338
436	2.409051699
437	2.407568625
438	2.406099934
439	2.404645447
440	2.403204989
441	2.401778385
442	2.400365465
443	2.39896606
444	2.397580004
445	2.396207134
446	2.394847288
447	2.393500308
448	2.392166037
449	2.390844321
450	2.389535009
451	2.38823795
452	2.386952998
453	2.385680006
454	2.384418833
455	2.383169335
456	2.381931376
457	2.380704816
458	2.379489522
459	2.37828536
460	2.377092199
461	2.375909908
462	2.374738362
463	2.373577433
464	2.372426999
465	2.371286936
466	2.370157124
467	2.369037445
468	2.36792778
469	2.366828015
470	2.365738036
471	2.364657731
472	2.363586988
473	2.362525698
474	2.361473754
475	2.360431049
476	2.359397478
477	2.358372939
478	2.35735733
479	2.356350549
480	2.355352497
481	2.354363078
482	2.353382194
483	2.35240975
484	2.351445652
485	2.350489807
486	2.349542125
487	2.348602515
488	2.347670888
489	2.346747156
490	2.345831233
491	2.344923034
492	2.344022473
493	2.343129468
494	2.342243936
495	2.341365798
496	2.340494972
497	2.339631379
498	2.338774943
499	2.337925586
500	2.337083232
501	2.336247806
502	2.335419235
503	2.334597445
504	2.333782365
505	2.332973923
506	2.33217205
507	2.331376675
508	2.330587731
509	2.329805151
510	2.329028867
511	2.328258814
512	2.327494926
513	2.32673714
514	2.325985393
515	2.325239622
516	2.324499764
517	2.32376576
518	2.323037549
519	2.322315071
520	2.321598268
521	2.320887082
522	2.320181455
523	2.319481332
524	2.318786656
525	2.318097371
526	2.317413425
527	2.316734762
528	2.31606133
529	2.315393076
530	2.314729949
531	2.314071896
532	2.313418868
533	2.312770815
534	2.312127686
535	2.311489434
536	2.31085601
537	2.310227367
538	2.309603457
539	2.308984235
540	2.308369653
541	2.307759667
542	2.307154232
543	2.306553304
544	2.305956839
545	2.305364793
546	2.304777124
547	2.30419379
548	2.303614748
549	2.303039958
550	2.302469379
551	2.301902971
552	2.301340693
553	2.300782507
554	2.300228373
555	2.299678253
556	2.299132109
557	2.298589904
558	2.2980516
559	2.29751716
560	2.296986549
561	2.29645973
562	2.295936669
563	2.295417329
564	2.294901677
565	2.294389678
566	2.293881298
567	2.293376503
568	2.292875261
569	2.292377539
570	2.291883305
571	2.291392526
572	2.290905171
573	2.290421208
574	2.289940607
575	2.289463337
576	2.288989368
577	2.288518669
578	2.288051212
579	2.287586967
580	2.287125905
581	2.286667997
582	2.286213216
583	2.285761532
584	2.285312919
585	2.284867349
586	2.284424796
587	2.283985231
588	2.283548629
589	2.283114963
590	2.282684208
591	2.282256338
592	2.281831328
593	2.281409152
594	2.280989785
595	2.280573204
596	2.280159383
597	2.2797483
598	2.279339929
599	2.278934247
600	2.278531232
601	2.27813086
602	2.277733108
603	2.277337953
604	2.276945375
605	2.276555349
606	2.276167855
607	2.275782872
608	2.275400376
609	2.275020348
610	2.274642767
611	2.274267611
612	2.27389486
613	2.273524495
614	2.273156494
615	2.272790838
616	2.272427507
617	2.272066482
618	2.271707744
619	2.271351273
620	2.27099705
621	2.270645058
622	2.270295276
623	2.269947688
624	2.269602275
625	2.269259019
626	2.268917902
627	2.268578907
628	2.268242016
629	2.267907212
630	2.267574479
631	2.267243798
632	2.266915154
633	2.266588529
634	2.266263908
635	2.265941275
636	2.265620612
637	2.265301905
638	2.264985138
639	2.264670294
640	2.26435736
641	2.264046318
642	2.263737155
643	2.263429855
644	2.263124403
645	2.262820785
646	2.262518986
647	2.262218992
648	2.261920789
649	2.261624361
650	2.261329697
651	2.261036781
652	2.260745599
653	2.260456139
654	2.260168387
655	2.259882329
656	2.259597952
657	2.259315244
658	2.259034191
659	2.258754781
660	2.258477
661	2.258200836
662	2.257926278
663	2.257653311
664	2.257381925
665	2.257112107
666	2.256843845
667	2.256577127
668	2.256311942
669	2.256048277
670	2.255786122
671	2.255525464
672	2.255266293
673	2.255008597
674	2.254752365
675	2.254497587
676	2.25424425
677	2.253992345
678	2.253741861
679	2.253492787
680	2.253245112
681	2.252998826
682	2.252753919
683	2.252510381
684	2.252268201
685	2.252027369
686	2.251787876
687	2.251549711
688	2.251312865
689	2.251077329
690	2.250843091
691	2.250610144
692	2.250378477
693	2.250148082
694	2.249918948
695	2.249691068
696	2.249464431
697	2.249239028
698	2.249014852
699	2.248791892
700	2.248570141
701	2.248349589
702	2.248130228
703	2.247912049
704	2.247695044
705	2.247479204
706	2.247264522
707	2.247050989
708	2.246838596
709	2.246627336
710	2.246417201
711	2.246208182
712	2.246000272
713	2.245793463
714	2.245587748
715	2.245383117
716	2.245179565
717	2.244977084
718	2.244775665
719	2.244575301
720	2.244375986
721	2.244177712
722	2.243980471
723	2.243784257
724	2.243589062
725	2.243394879
726	2.243201702
727	2.243009523
728	2.242818335
729	2.242628133
730	2.242438908
731	2.242250655
732	2.242063366
733	2.241877035
734	2.241691656
735	2.241507222
736	2.241323727
737	2.241141164
738	2.240959527
739	2.24077881
740	2.240599006
741	2.24042011
742	2.240242115
743	2.240065016
744	2.239888805
745	2.239713478
746	2.239539029
747	2.239365451
748	2.239192738
749	2.239020886
750	2.238849888
751	2.238679739
752	2.238510433
753	2.238341964
754	2.238174327
755	2.238007517
756	2.237841528
757	2.237676354
758	2.237511991
759	2.237348433
760	2.237185674
761	2.23702371
762	2.236862536
763	2.236702146
764	2.236542535
765	2.236383698
766	2.23622563
767	2.236068326
768	2.235911782
769	2.235755991
770	2.235600951
771	2.235446655
772	2.235293099
773	2.235140278
774	2.234988187
775	2.234836822
776	2.234686179
777	2.234536252
778	2.234387037
779	2.23423853
780	2.234090726
781	2.23394362
782	2.233797209
783	2.233651487
784	2.233506451
785	2.233362096
786	2.233218418
787	2.233075413
788	2.232933076
789	2.232791403
790	2.232650391
791	2.232510034
792	2.23237033
793	2.232231274
794	2.232092861
795	2.231955088
796	2.231817952
797	2.231681447
798	2.231545571
799	2.231410319
800	2.231275687
801	2.231141672
802	2.23100827
803	2.230875477
804	2.23074329
805	2.230611704
806	2.230480716
807	2.230350323
808	2.23022052
809	2.230091305
810	2.229962674
811	2.229834622
812	2.229707148
813	2.229580246
814	2.229453915
815	2.229328149
816	2.229202947
817	2.229078304
818	2.228954218
819	2.228830684
820	2.2287077
821	2.228585262
822	2.228463368
823	2.228342013
824	2.228221195
825	2.22810091
826	2.227981156
827	2.227861929
828	2.227743226
829	2.227625044
830	2.22750738
831	2.227390231
832	2.227273594
833	2.227157466
834	2.227041843
835	2.226926724
836	2.226812105
837	2.226697983
838	2.226584355
839	2.226471219
840	2.226358571
841	2.226246409
842	2.22613473
843	2.226023531
844	2.225912809
845	2.225802562
846	2.225692787
847	2.225583481
848	2.225474642
849	2.225366266
850	2.225258352
851	2.225150896
852	2.225043897
853	2.22493735
854	2.224831255
855	2.224725607
856	2.224620406
857	2.224515647
858	2.224411329
859	2.22430745
860	2.224204006
861	2.224100995
862	2.223998415
863	2.223896264
864	2.223794539
865	2.223693237
866	2.223592357
867	2.223491896
868	2.223391851
869	2.22329222
870	2.223193002
871	2.223094193
872	2.222995792
873	2.222897796
874	2.222800203
875	2.22270301
876	2.222606216
877	2.222509819
878	2.222413815
879	2.222318204
880	2.222222982
881	2.222128148
882	2.2220337
883	2.221939635
884	2.221845952
885	2.221752648
886	2.221659721
887	2.221567169
888	2.221474991
889	2.221383184
890	2.221291746
891	2.221200675
892	2.221109969
893	2.221019627
894	2.220929646
895	2.220840024
896	2.22075076
897	2.220661851
898	2.220573296
899	2.220485092
900	2.220397238
901	2.220309733
902	2.220222573
903	2.220135758
904	2.220049285
905	2.219963153
906	2.21987736
907	2.219791903
908	2.219706782
909	2.219621995
910	2.219537539
911	2.219453414
912	2.219369616
913	2.219286146
914	2.219203
915	2.219120177
916	2.219037676
917	2.218955494
918	2.218873631
919	2.218792084
920	2.218710852
921	2.218629933
922	2.218549326
923	2.218469029
924	2.21838904
925	2.218309358
926	2.218229981
927	2.218150908
928	2.218072136
929	2.217993666
930	2.217915494
931	2.21783762
932	2.217760042
933	2.217682758
934	2.217605767
935	2.217529067
936	2.217452658
937	2.217376537
938	2.217300702
939	2.217225154
940	2.217149889
941	2.217074908
942	2.217000207
943	2.216925787
944	2.216851644
945	2.216777779
946	2.216704189
947	2.216630874
948	2.216557832
949	2.216485061
950	2.21641256
951	2.216340328
952	2.216268363
953	2.216196665
954	2.216125231
955	2.216054061
956	2.215983153
957	2.215912506
958	2.215842119
959	2.21577199
960	2.215702118
961	2.215632501
962	2.21556314
963	2.215494031
964	2.215425175
965	2.215356569
966	2.215288213
967	2.215220105
968	2.215152244
969	2.21508463
970	2.21501726
971	2.214950133
972	2.214883249
973	2.214816606
974	2.214750203
975	2.214684039
976	2.214618113
977	2.214552423
978	2.214486968
979	2.214421748
980	2.214356761
981	2.214292006
982	2.214227482
983	2.214163187
984	2.214099121
985	2.214035283
986	2.213971672
987	2.213908285
988	2.213845124
989	2.213782185
990	2.213719469
991	2.213656973
992	2.213594698
993	2.213532642
994	2.213470804
995	2.213409183
996	2.213347778
997	2.213286588
998	2.213225612
999	2.213164849
1000	2.213104298
1001	2.213043958
1002	2.212983827
1003	2.212923906
1004	2.212864193
1005	2.212804686
1006	2.212745386
1007	2.212686291
1008	2.2126274
1009	2.212568712
1010	2.212510227
1011	2.212451942
1012	2.212393859
1013	2.212335974
1014	2.212278288
1015	2.2122208
1016	2.212163509
1017	2.212106413
1018	2.212049512
1019	2.211992805
1020	2.211936291
1021	2.21187997
1022	2.21182384
1023	2.2117679
1024	2.21171215
1025	2.211656589
1026	2.211601215
1027	2.211546029
1028	2.211491028
1029	2.211436213
1030	2.211381583
1031	2.211327136
1032	2.211272872
1033	2.21121879
1034	2.211164889
1035	2.211111169
1036	2.211057628
1037	2.211004265
1038	2.210951081
1039	2.210898074
1040	2.210845243
1041	2.210792588
1042	2.210740107
1043	2.210687801
1044	2.210635667
1045	2.210583706
1046	2.210531917
1047	2.210480299
1048	2.210428851
1049	2.210377572
1050	2.210326461
1051	2.210275519
1052	2.210224744
1053	2.210174135
1054	2.210123692
1055	2.210073414
1056	2.2100233
1057	2.209973349
1058	2.209923562
1059	2.209873936
1060	2.209824472
1061	2.209775168
1062	2.209726024
1063	2.20967704
1064	2.209628214
1065	2.209579546
1066	2.209531035
1067	2.20948268
1068	2.209434482
1069	2.209386438
1070	2.209338549
1071	2.209290814
1072	2.209243231
1073	2.209195802
1074	2.209148524
1075	2.209101397
1076	2.209054421
1077	2.209007594
1078	2.208960917
1079	2.208914388
1080	2.208868008
1081	2.208821774
1082	2.208775687
1083	2.208729747
1084	2.208683951
1085	2.208638301
1086	2.208592794
1087	2.208547431
1088	2.208502211
1089	2.208457134
1090	2.208412198
1091	2.208367403
1092	2.208322749
1093	2.208278235
1094	2.20823386
1095	2.208189624
1096	2.208145526
1097	2.208101566
1098	2.208057743
1099	2.208014056
1100	2.207970505
1101	2.207927089
1102	2.207883808
1103	2.207840661
1104	2.207797648
1105	2.207754768
1106	2.207712021
1107	2.207669405
1108	2.207626921
1109	2.207584568
1110	2.207542345
1111	2.207500251
1112	2.207458287
1113	2.207416452
1114	2.207374745
1115	2.207333165
1116	2.207291713
1117	2.207250387
1118	2.207209187
1119	2.207168113
1120	2.207127164
1121	2.207086339
1122	2.207045638
1123	2.207005061
1124	2.206964607
1125	2.206924275
1126	2.206884066
1127	2.206843978
1128	2.20680401
1129	2.206764164
1130	2.206724437
1131	2.20668483
1132	2.206645342
1133	2.206605972
1134	2.206566721
1135	2.206527587
1136	2.20648857
1137	2.20644967
1138	2.206410887
1139	2.206372218
1140	2.206333666
1141	2.206295228
1142	2.206256904
1143	2.206218694
1144	2.206180598
1145	2.206142614
1146	2.206104743
1147	2.206066984
1148	2.206029337
1149	2.205991801
1150	2.205954375
1151	2.20591706
1152	2.205879855
1153	2.205842759
1154	2.205805772
1155	2.205768894
1156	2.205732124
1157	2.205695462
1158	2.205658906
1159	2.205622458
1160	2.205586116
1161	2.20554988
1162	2.20551375
1163	2.205477725
1164	2.205441804
1165	2.205405988
1166	2.205370276
1167	2.205334667
1168	2.205299162
1169	2.205263759
1170	2.205228459
1171	2.20519326
1172	2.205158163
1173	2.205123167
1174	2.205088272
1175	2.205053477
1176	2.205018783
1177	2.204984188
1178	2.204949691
1179	2.204915294
1180	2.204880995
1181	2.204846795
1182	2.204812692
1183	2.204778686
1184	2.204744777
1185	2.204710965
1186	2.204677248
1187	2.204643628
1188	2.204610103
1189	2.204576673
1190	2.204543338
1191	2.204510097
1192	2.204476951
1193	2.204443897
1194	2.204410938
1195	2.204378071
1196	2.204345296
1197	2.204312614
1198	2.204280024
1199	2.204247525
1200	2.204215117
