400	1.479950772
401	1.479757193
402	1.479566012
403	1.479377195
404	1.479190705
405	1.47900651
406	1.478824574
407	1.478644866
408	1.478467351
409	1.478291999
410	1.478118777
411	1.477947655
412	1.477778603
413	1.477611589
414	1.477446585
415	1.477283562
416	1.477122492
417	1.476963345
418	1.476806096
419	1.476650716
420	1.47649718
421	1.47634546
422	1.476195532
423	1.476047369
424	1.475900948
425	1.475756243
426	1.475613231
427	1.475471887
428	1.475332189
429	1.475194113
430	1.475057638
431	1.47492274
432	1.474789398
433	1.47465759
434	1.474527296
435	1.474398494
436	1.474271164
437	1.474145286
438	1.47402084
439	1.473897806
440	1.473776166
441	1.4736559
442	1.473536991
443	1.473419418
444	1.473303166
445	1.473188215
446	1.473074548
447	1.472962149
448	1.472851
449	1.472741084
450	1.472632386
451	1.472524889
452	1.472418577
453	1.472313435
454	1.472209446
455	1.472106597
456	1.472004872
457	1.471904256
458	1.471804734
459	1.471706294
460	1.47160892
461	1.471512598
462	1.471417316
463	1.471323059
464	1.471229815
465	1.47113757
466	1.471046312
467	1.470956028
468	1.470866705
469	1.470778331
470	1.470690895
471	1.470604383
472	1.470518786
473	1.47043409
474	1.470350285
475	1.470267359
476	1.470185301
477	1.470104101
478	1.470023748
479	1.469944231
480	1.469865539
481	1.469787663
482	1.469710593
483	1.469634317
484	1.469558828
485	1.469484114
486	1.469410166
487	1.469336975
488	1.469264532
489	1.469192827
490	1.469121852
491	1.469051597
492	1.468982054
493	1.468913215
494	1.46884507
495	1.468777611
496	1.46871083
497	1.468644719
498	1.468579269
499	1.468514474
500	1.468450324
501	1.468386813
502	1.468323933
503	1.468261676
504	1.468200034
505	1.468139001
506	1.468078569
507	1.468018732
508	1.467959482
509	1.467900812
510	1.467842715
511	1.467785186
512	1.467728216
513	1.467671801
514	1.467615932
515	1.467560604
516	1.467505811
517	1.467451546
518	1.467397803
519	1.467344577
520	1.467291861
521	1.46723965
522	1.467187937
523	1.467136717
524	1.467085984
525	1.467035733
526	1.466985959
527	1.466936655
528	1.466887817
529	1.46683944
530	1.466791517
531	1.466744045
532	1.466697017
533	1.466650429
534	1.466604276
535	1.466558554
536	1.466513256
537	1.46646838
538	1.466423919
539	1.466379869
540	1.466336226
541	1.466292986
542	1.466250143
543	1.466207694
544	1.466165633
545	1.466123958
546	1.466082663
547	1.466041744
548	1.466001198
549	1.465961021
550	1.465921207
551	1.465881754
552	1.465842657
553	1.465803912
554	1.465765517
555	1.465727466
556	1.465689757
557	1.465652385
558	1.465615347
559	1.46557864
560	1.465542259
561	1.465506202
562	1.465470465
563	1.465435044
564	1.465399936
565	1.465365139
566	1.465330648
567	1.46529646
568	1.465262572
569	1.465228982
570	1.465195685
571	1.465162679
572	1.465129961
573	1.465097528
574	1.465065376
575	1.465033503
576	1.465001907
577	1.464970583
578	1.464939529
579	1.464908743
580	1.464878222
581	1.464847963
582	1.464817963
583	1.464788219
584	1.46475873
585	1.464729492
586	1.464700503
587	1.46467176
588	1.464643261
589	1.464615003
590	1.464586985
591	1.464559202
592	1.464531654
593	1.464504337
594	1.46447725
595	1.46445039
596	1.464423754
597	1.464397341
598	1.464371148
599	1.464345174
600	1.464319415
601	1.46429387
602	1.464268537
603	1.464243413
604	1.464218497
605	1.464193786
606	1.464169279
607	1.464144972
608	1.464120866
609	1.464096956
610	1.464073243
611	1.464049722
612	1.464026394
613	1.464003255
614	1.463980305
615	1.46395754
616	1.46393496
617	1.463912562
618	1.463890345
619	1.463868307
620	1.463846446
621	1.463824761
622	1.46380325
623	1.463781911
624	1.463760743
625	1.463739743
626	1.463718911
627	1.463698245
628	1.463677743
629	1.463657403
630	1.463637225
631	1.463617206
632	1.463597344
633	1.46357764
634	1.46355809
635	1.463538694
636	1.463519451
637	1.463500357
638	1.463481414
639	1.463462618
640	1.463443968
641	1.463425464
642	1.463407103
643	1.463388885
644	1.463370808
645	1.463352871
646	1.463335072
647	1.463317411
648	1.463299885
649	1.463282495
650	1.463265237
651	1.463248112
652	1.463231118
653	1.463214254
654	1.463197518
655	1.46318091
656	1.463164428
657	1.463148072
658	1.463131839
659	1.463115729
660	1.463099741
661	1.463083874
662	1.463068126
663	1.463052497
664	1.463036985
665	1.463021589
666	1.463006309
667	1.462991143
668	1.46297609
669	1.46296115
670	1.462946321
671	1.462931602
672	1.462916992
673	1.462902491
674	1.462888097
675	1.462873809
676	1.462859627
677	1.46284555
678	1.462831576
679	1.462817704
680	1.462803935
681	1.462790266
682	1.462776697
683	1.462763228
684	1.462749856
685	1.462736582
686	1.462723405
687	1.462710323
688	1.462697336
689	1.462684443
690	1.462671644
691	1.462658936
692	1.462646321
693	1.462633796
694	1.462621361
695	1.462609016
696	1.462596759
697	1.46258459
698	1.462572507
699	1.462560511
700	1.462548601
701	1.462536775
702	1.462525033
703	1.462513375
704	1.462501799
705	1.462490305
706	1.462478893
707	1.462467561
708	1.462456309
709	1.462445136
710	1.462434041
711	1.462423025
712	1.462412085
713	1.462401222
714	1.462390435
715	1.462379724
716	1.462369087
717	1.462358524
718	1.462348034
719	1.462337617
720	1.462327273
721	1.462317
722	1.462306797
723	1.462296666
724	1.462286604
725	1.462276611
726	1.462266688
727	1.462256832
728	1.462247044
729	1.462237322
730	1.462227668
731	1.462218079
732	1.462208555
733	1.462199097
734	1.462189702
735	1.462180372
736	1.462171104
737	1.4621619
738	1.462152757
739	1.462143677
740	1.462134657
741	1.462125699
742	1.4621168
743	1.462107961
744	1.462099182
745	1.462090462
746	1.462081799
747	1.462073195
748	1.462064648
749	1.462056158
750	1.462047724
751	1.462039347
752	1.462031025
753	1.462022758
754	1.462014546
755	1.462006388
756	1.461998284
757	1.461990234
758	1.461982236
759	1.461974291
760	1.461966399
761	1.461958558
762	1.461950768
763	1.461943029
764	1.461935341
765	1.461927703
766	1.461920115
767	1.461912576
768	1.461905086
769	1.461897645
770	1.461890252
771	1.461882906
772	1.461875609
773	1.461868358
774	1.461861154
775	1.461853997
776	1.461846885
777	1.461839819
778	1.461832799
779	1.461825823
780	1.461818892
781	1.461812006
782	1.461805163
783	1.461798364
784	1.461791608
785	1.461784896
786	1.461778225
787	1.461771598
788	1.461765012
789	1.461758467
790	1.461751965
791	1.461745503
792	1.461739081
793	1.461732701
794	1.46172636
795	1.461720059
796	1.461713798
797	1.461707576
798	1.461701393
799	1.461695248
800	1.461689142
801	1.461683073
802	1.461677043
803	1.46167105
804	1.461665094
805	1.461659175
806	1.461653293
807	1.461647447
808	1.461641638
809	1.461635864
810	1.461630125
811	1.461624422
812	1.461618754
813	1.461613121
814	1.461607523
815	1.461601958
816	1.461596428
817	1.461590932
818	1.461585469
819	1.461580039
820	1.461574642
821	1.461569278
822	1.461563947
823	1.461558648
824	1.461553381
825	1.461548146
826	1.461542943
827	1.461537771
828	1.46153263
829	1.461527521
830	1.461522441
831	1.461517393
832	1.461512375
833	1.461507386
834	1.461502428
835	1.461497499
836	1.4614926
837	1.46148773
838	1.461482889
839	1.461478076
840	1.461473293
841	1.461468537
842	1.46146381
843	1.461459111
844	1.46145444
845	1.461449796
846	1.46144518
847	1.46144059
848	1.461436028
849	1.461431493
850	1.461426984
851	1.461422502
852	1.461418046
853	1.461413616
854	1.461409212
855	1.461404834
856	1.461400481
857	1.461396153
858	1.461391851
859	1.461387574
860	1.461383321
861	1.461379094
862	1.46137489
863	1.461370711
864	1.461366557
865	1.461362426
866	1.461358319
867	1.461354235
868	1.461350175
869	1.461346139
870	1.461342125
871	1.461338135
872	1.461334167
873	1.461330222
874	1.4613263
875	1.4613224
876	1.461318522
877	1.461314666
878	1.461310832
879	1.46130702
880	1.46130323
881	1.461299461
882	1.461295713
883	1.461291987
884	1.461288281
885	1.461284597
886	1.461280933
887	1.46127729
888	1.461273667
889	1.461270065
890	1.461266483
891	1.461262921
892	1.461259379
893	1.461255856
894	1.461252354
895	1.461248871
896	1.461245407
897	1.461241963
898	1.461238537
899	1.461235131
900	1.461231744
901	1.461228375
902	1.461225025
903	1.461221694
904	1.461218381
905	1.461215086
906	1.461211809
907	1.461208551
908	1.46120531
909	1.461202087
910	1.461198882
911	1.461195694
912	1.461192524
913	1.461189371
914	1.461186236
915	1.461183117
916	1.461180016
917	1.461176931
918	1.461173863
919	1.461170812
920	1.461167777
921	1.461164759
922	1.461161757
923	1.461158772
924	1.461155802
925	1.461152849
926	1.461149911
927	1.461146989
928	1.461144083
929	1.461141193
930	1.461138318
931	1.461135459
932	1.461132614
933	1.461129785
934	1.461126972
935	1.461124173
936	1.461121389
937	1.46111862
938	1.461115866
939	1.461113126
940	1.461110401
941	1.46110769
942	1.461104994
943	1.461102312
944	1.461099644
945	1.46109699
946	1.461094351
947	1.461091725
948	1.461089113
949	1.461086515
950	1.46108393
951	1.461081359
952	1.461078801
953	1.461076257
954	1.461073726
955	1.461071209
956	1.461068704
957	1.461066213
958	1.461063735
959	1.461061269
960	1.461058816
961	1.461056376
962	1.461053949
963	1.461051534
964	1.461049132
965	1.461046742
966	1.461044365
967	1.461042
968	1.461039647
969	1.461037306
970	1.461034977
971	1.46103266
972	1.461030356
973	1.461028062
974	1.461025781
975	1.461023512
976	1.461021253
977	1.461019007
978	1.461016772
979	1.461014548
980	1.461012336
981	1.461010135
982	1.461007945
983	1.461005766
984	1.461003599
985	1.461001442
986	1.460999296
987	1.460997161
988	1.460995037
989	1.460992924
990	1.460990821
991	1.460988729
992	1.460986647
993	1.460984576
994	1.460982515
995	1.460980465
996	1.460978425
997	1.460976395
998	1.460974375
999	1.460972365
1000	1.460970366
1001	1.460968376
1002	1.460966396
1003	1.460964426
1004	1.460962466
1005	1.460960516
1006	1.460958575
1007	1.460956644
1008	1.460954723
1009	1.460952811
1010	1.460950908
1011	1.460949015
1012	1.460947131
1013	1.460945257
1014	1.460943391
1015	1.460941535
1016	1.460939688
1017	1.46093785
1018	1.460936021
1019	1.460934201
1020	1.46093239
1021	1.460930588
1022	1.460928795
1023	1.46092701
1024	1.460925234
1025	1.460923467
1026	1.460921708
1027	1.460919958
1028	1.460918216
1029	1.460916483
1030	1.460914758
1031	1.460913042
1032	1.460911334
1033	1.460909634
1034	1.460907942
1035	1.460906259
1036	1.460904583
1037	1.460902916
1038	1.460901257
1039	1.460899605
1040	1.460897962
1041	1.460896326
1042	1.460894699
1043	1.460893079
1044	1.460891467
1045	1.460889862
1046	1.460888266
1047	1.460886676
1048	1.460885095
1049	1.460883521
1050	1.460881954
1051	1.460880395
1052	1.460878843
1053	1.460877299
1054	1.460875762
1055	1.460874232
1056	1.460872709
1057	1.460871194
1058	1.460869686
1059	1.460868185
1060	1.460866691
1061	1.460865204
1062	1.460863724
1063	1.460862251
1064	1.460860784
1065	1.460859325
1066	1.460857873
1067	1.460856427
1068	1.460854988
1069	1.460853556
1070	1.46085213
1071	1.460850712
1072	1.460849299
1073	1.460847894
1074	1.460846495
1075	1.460845102
1076	1.460843716
1077	1.460842336
1078	1.460840963
1079	1.460839596
1080	1.460838235
1081	1.460836881
1082	1.460835533
1083	1.460834191
1084	1.460832855
1085	1.460831525
1086	1.460830202
1087	1.460828884
1088	1.460827573
1089	1.460826268
1090	1.460824968
1091	1.460823675
1092	1.460822387
1093	1.460821106
1094	1.46081983
1095	1.46081856
1096	1.460817296
1097	1.460816037
1098	1.460814785
1099	1.460813538
1100	1.460812296
1101	1.460811061
1102	1.460809831
1103	1.460808606
1104	1.460807387
1105	1.460806174
1106	1.460804966
1107	1.460803763
1108	1.460802566
1109	1.460801374
1110	1.460800188
1111	1.460799007
1112	1.460797831
1113	1.46079666
1114	1.460795495
1115	1.460794335
1116	1.46079318
1117	1.460792031
1118	1.460790886
1119	1.460789747
1120	1.460788612
1121	1.460787483
1122	1.460786359
1123	1.460785239
1124	1.460784125
1125	1.460783016
1126	1.460781911
1127	1.460780812
1128	1.460779717
1129	1.460778627
1130	1.460777542
1131	1.460776462
1132	1.460775387
1133	1.460774316
1134	1.46077325
1135	1.460772189
1136	1.460771132
1137	1.46077008
1138	1.460769033
1139	1.46076799
1140	1.460766952
1141	1.460765918
1142	1.460764889
1143	1.460763864
1144	1.460762844
1145	1.460761828
1146	1.460760817
1147	1.46075981
1148	1.460758807
1149	1.460757809
1150	1.460756815
1151	1.460755826
1152	1.46075484
1153	1.460753859
1154	1.460752883
1155	1.46075191
1156	1.460750942
1157	1.460749978
1158	1.460749018
1159	1.460748062
1160	1.46074711
1161	1.460746163
1162	1.460745219
1163	1.46074428
1164	1.460743344
1165	1.460742413
1166	1.460741485
1167	1.460740562
1168	1.460739642
1169	1.460738726
1170	1.460737815
1171	1.460736907
1172	1.460736003
1173	1.460735103
1174	1.460734206
1175	1.460733314
1176	1.460732425
1177	1.46073154
1178	1.460730659
1179	1.460729782
1180	1.460728908
1181	1.460728038
1182	1.460727172
1183	1.460726309
1184	1.46072545
1185	1.460724594
1186	1.460723743
1187	1.460722894
1188	1.46072205
1189	1.460721208
1190	1.460720371
1191	1.460719537
1192	1.460718706
1193	1.460717879
1194	1.460717055
1195	1.460716235
1196	1.460715418
1197	1.460714605
1198	1.460713795
1199	1.460712988
1200	1.460712185
