             350        1.5062933
       352.84281        1.5057076
       355.68562         1.505136
       358.52843        1.5045778
       361.37124        1.5040328
       364.21405        1.5035006
       367.05686        1.5029806
       369.89967        1.5024726
       372.74247        1.5019761
       375.58528        1.5014909
       378.42809        1.5010166
        381.2709        1.5005529
       384.11371        1.5000994
       386.95652        1.4996559
       389.79933         1.499222
       392.64214        1.4987975
       395.48495        1.4983822
       398.32776        1.4979757
       401.17057        1.4975779
       404.01338        1.4971884
       406.85619         1.496807
         409.699        1.4964335
       412.54181        1.4960678
       415.38462        1.4957095
       418.22742        1.4953585
       421.07023        1.4950146
       423.91304        1.4946776
       426.75585        1.4943473
       429.59866        1.4940236
       432.44147        1.4937062
       435.28428         1.493395
       438.12709        1.4930898
        440.9699        1.4927905
       443.81271         1.492497
       446.65552         1.492209
       449.49833        1.4919265
       452.34114        1.4916493
       455.18395        1.4913773
       458.02676        1.4911103
       460.86957        1.4908483
       463.71237         1.490591
       466.55518        1.4903385
       469.39799        1.4900905
        472.2408         1.489847
       475.08361        1.4896078
       477.92642        1.4893729
       480.76923        1.4891422
       483.61204        1.4889155
       486.45485        1.4886928
       489.29766        1.4884739
       492.14047        1.4882588
       494.98328        1.4880474
       497.82609        1.4878397
        500.6689        1.4876354
       503.51171        1.4874346
       506.35452        1.4872372
       509.19732        1.4870431
       512.04013        1.4868522
       514.88294        1.4866645
       517.72575        1.4864798
       520.56856        1.4862982
       523.41137        1.4861195
       526.25418        1.4859437
       529.09699        1.4857707
        531.9398        1.4856005
       534.78261         1.485433
       537.62542        1.4852681
       540.46823        1.4851059
       543.31104        1.4849461
       546.15385        1.4847889
       548.99666        1.4846341
       551.83946        1.4844817
       554.68227        1.4843316
       557.52508        1.4841839
       560.36789        1.4840383
        563.2107         1.483895
       566.05351        1.4837538
       568.89632        1.4836147
       571.73913        1.4834777
       574.58194        1.4833427
       577.42475        1.4832097
       580.26756        1.4830787
       583.11037        1.4829496
       585.95318        1.4828223
       588.79599        1.4826969
        591.6388        1.4825733
       594.48161        1.4824515
       597.32441        1.4823313
       600.16722        1.4822129
       603.01003        1.4820962
       605.85284        1.4819811
       608.69565        1.4818676
       611.53846        1.4817557
       614.38127        1.4816454
       617.22408        1.4815365
       620.06689        1.4814292
        622.9097        1.4813233
       625.75251        1.4812189
       628.59532        1.4811159
       631.43813        1.4810142
       634.28094         1.480914
       637.12375         1.480815
       639.96656        1.4807174
       642.80936        1.4806211
       645.65217         1.480526
       648.49498        1.4804322
       651.33779        1.4803397
        654.1806        1.4802483
       657.02341        1.4801581
       659.86622        1.4800691
       662.70903        1.4799812
       665.55184        1.4798944
       668.39465        1.4798087
       671.23746        1.4797242
       674.08027        1.4796407
       676.92308        1.4795582
       679.76589        1.4794768
        682.6087        1.4793964
       685.45151         1.479317
       688.29431        1.4792385
       691.13712        1.4791611
       693.97993        1.4790846
       696.82274         1.479009
       699.66555        1.4789343
       702.50836        1.4788606
       705.35117        1.4787877
       708.19398        1.4787157
       711.03679        1.4786446
        713.8796        1.4785743
       716.72241        1.4785049
       719.56522        1.4784363
       722.40803        1.4783684
       725.25084        1.4783014
       728.09365        1.4782352
       730.93645        1.4781697
       733.77926         1.478105
       736.62207        1.4780411
       739.46488        1.4779779
       742.30769        1.4779154
        745.1505        1.4778536
       747.99331        1.4777925
       750.83612        1.4777321
       753.67893        1.4776724
       756.52174        1.4776134
       759.36455         1.477555
       762.20736        1.4774973
       765.05017        1.4774402
       767.89298        1.4773838
       770.73579         1.477328
        773.5786        1.4772727
        776.4214        1.4772181
       779.26421        1.4771641
       782.10702        1.4771107
       784.94983        1.4770579
       787.79264        1.4770056
       790.63545        1.4769539
       793.47826        1.4769028
       796.32107        1.4768522
       799.16388        1.4768021
       802.00669        1.4767526
        804.8495        1.4767036
       807.69231        1.4766551
       810.53512        1.4766071
       813.37793        1.4765596
       816.22074        1.4765126
       819.06355        1.4764661
       821.90635        1.4764201
       824.74916        1.4763746
       827.59197        1.4763295
       830.43478        1.4762849
       833.27759        1.4762408
        836.1204        1.4761971
       838.96321        1.4761538
       841.80602         1.476111
       844.64883        1.4760686
       847.49164        1.4760266
       850.33445        1.4759851
       853.17726        1.4759439
       856.02007        1.4759032
       858.86288        1.4758629
       861.70569         1.475823
       864.54849        1.4757835
        867.3913        1.4757443
       870.23411        1.4757056
       873.07692        1.4756672
       875.91973        1.4756292
       878.76254        1.4755916
       881.60535        1.4755543
       884.44816        1.4755174
       887.29097        1.4754808
       890.13378        1.4754446
       892.97659        1.4754087
        895.8194        1.4753732
       898.66221         1.475338
       901.50502        1.4753032
       904.34783        1.4752686
       907.19064        1.4752344
       910.03344        1.4752006
       912.87625         1.475167
       915.71906        1.4751337
       918.56187        1.4751008
       921.40468        1.4750682
       924.24749        1.4750358
        927.0903        1.4750038
       929.93311         1.474972
       932.77592        1.4749406
       935.61873        1.4749094
       938.46154        1.4748785
       941.30435        1.4748479
       944.14716        1.4748175
       946.98997        1.4747875
       949.83278        1.4747577
       952.67559        1.4747282
       955.51839        1.4746989
        958.3612        1.4746699
       961.20401        1.4746411
       964.04682        1.4746127
       966.88963        1.4745844
       969.73244        1.4745564
       972.57525        1.4745287
       975.41806        1.4745012
       978.26087        1.4744739
       981.10368        1.4744469
       983.94649        1.4744201
        986.7893        1.4743935
       989.63211        1.4743672
       992.47492        1.4743411
       995.31773        1.4743152
       998.16054        1.4742895
       1001.0033        1.4742641
       1003.8462        1.4742388
        1006.689        1.4742138
       1009.5318         1.474189
       1012.3746        1.4741644
       1015.2174          1.47414
       1018.0602        1.4741158
        1020.903        1.4740918
       1023.7458         1.474068
       1026.5886        1.4740445
       1029.4314        1.4740211
       1032.2742        1.4739979
       1035.1171        1.4739748
       1037.9599         1.473952
       1040.8027        1.4739294
       1043.6455        1.4739069
       1046.4883        1.4738847
       1049.3311        1.4738626
       1052.1739        1.4738407
       1055.0167        1.4738189
       1057.8595        1.4737974
       1060.7023         1.473776
       1063.5452        1.4737548
        1066.388        1.4737338
       1069.2308        1.4737129
       1072.0736        1.4736922
       1074.9164        1.4736716
       1077.7592        1.4736512
        1080.602         1.473631
       1083.4448         1.473611
       1086.2876         1.473591
       1089.1304        1.4735713
       1091.9732        1.4735517
       1094.8161        1.4735323
       1097.6589         1.473513
       1100.5017        1.4734938
       1103.3445        1.4734748
       1106.1873         1.473456
       1109.0301        1.4734373
       1111.8729        1.4734187
       1114.7157        1.4734003
       1117.5585         1.473382
       1120.4013        1.4733639
       1123.2441        1.4733459
        1126.087         1.473328
       1128.9298        1.4733103
       1131.7726        1.4732927
       1134.6154        1.4732752
       1137.4582        1.4732579
        1140.301        1.4732407
       1143.1438        1.4732236
       1145.9866        1.4732066
       1148.8294        1.4731898
       1151.6722        1.4731731
       1154.5151        1.4731565
       1157.3579        1.4731401
       1160.2007        1.4731237
       1163.0435        1.4731075
       1165.8863        1.4730914
       1168.7291        1.4730755
       1171.5719        1.4730596
       1174.4147        1.4730438
       1177.2575        1.4730282
       1180.1003        1.4730127
       1182.9431        1.4729973
        1185.786         1.472982
       1188.6288        1.4729668
       1191.4716        1.4729517
       1194.3144        1.4729367
       1197.1572        1.4729219
            1200        1.4729071
