190.75231 1.26 2.95
191.4888 1.270625 2.971016
192.23101 1.2825 2.993125
192.97899 1.295625 3.016172
193.73281 1.31 3.04
194.49255 1.325625 3.064453
195.25827 1.3425 3.089375
196.03004 1.360625 3.11461
196.80794 1.38 3.14
197.59203 1.400625 3.165391
198.3824 1.4225 3.190625
199.17912 1.445625 3.215547
199.98226 1.47 3.24
200.7919 1.496015 3.263047
201.60813 1.523125 3.285625
202.43102 1.551172 3.307891
203.26066 1.58 3.33
204.09712 1.609104 3.352
204.9405 1.638815 3.3742
205.79087 1.66912 3.3968
206.64833 1.7 3.42
207.51297 1.73144 3.444
208.38487 1.76352 3.468
209.26414 1.79688 3.492
210.15085 1.83216 3.516
211.04511 1.87 3.54
211.94701 1.91216 3.56512
212.85665 1.95688 3.58896
213.77414 2.0032 3.60896
214.69957 2.0508 3.62512
215.63304 2.1 3.64
216.57467 2.1508 3.65712
217.52456 2.2032 3.67296
218.48282 2.2572 3.6856
219.44956 2.3128 3.6944
220.42489 2.37 3.7
221.40893 2.4288 3.7024
222.40179 2.489201 3.7016
223.4036 2.55184 3.69824
224.41448 2.61608 3.69168
225.43455 2.68 3.68
226.46393 2.7412 3.65912
227.50275 2.800801 3.63376
228.55115 2.85912 3.60744
229.60926 2.91584 3.58048
230.67721 2.97 3.55
231.75514 3.01984 3.51192
232.84319 3.06712 3.47096
233.94151 3.11312 3.430321
235.05024 3.15784 3.39064
236.16952 3.2 3.35
237.29952 3.2384 3.30776
238.44038 3.2736 3.26328
239.59227 3.30592 3.215281
240.75534 3.33504 3.16376
241.92976 3.36 3.11
243.11569 3.38016 3.05352
244.3133 3.39488 2.99736
245.52277 3.40256 2.944721
246.74428 3.40352 2.89624
247.9780 3.4 2.85
249.22412 3.39328 2.80424
250.48283 3.38464 2.76072
251.75431 3.376 2.7204
253.03878 3.368 2.6836
254.33641 3.36 2.65
255.64742 3.35256 2.62016
256.97202 3.34448 2.59288
258.31042 3.33448 2.5672
259.66283 3.32256 2.5428
261.02947 3.31 2.52
262.41058 3.298 2.4988
263.80638 3.286 2.4792
265.21711 3.274 2.46152
266.64301 3.262 2.44544
268.08432 3.25 2.43
269.5413 3.238 2.414
271.01421 3.226 2.398
272.5033 3.21432 2.38136
274.00884 3.20264 2.36472
275.53111 3.19 2.35
277.07039 3.17464 2.34016
278.62697 3.15832 2.33288
280.20113 3.14168 2.32752
281.79318 3.12536 2.32344
283.40343 3.11 2.32
285.03218 3.09792 2.31488
286.67977 3.08616 2.31104
288.34651 3.07248 2.31104
290.03275 3.05656 2.31488
291.73882 3.04 2.32
293.46509 3.02288 2.32288
295.2119 3.00704 2.32704
296.97964 2.99504 2.33504
298.76867 2.98688 2.34688
300.57939 2.98 2.36
302.4122 2.97144 2.37144
304.26748 2.96352 2.38352
306.14568 2.9572 2.39752
308.0472 2.9528 2.41344
309.9725 2.95 2.43
311.92201 2.94824 2.44544
313.8962 2.94872 2.46152
315.89554 2.95304 2.48016
317.92051 2.96088 2.50072
319.97161 2.97 2.52
322.04935 2.97744 2.53216
324.15425 2.98552 2.54368
326.28684 2.9952 2.55968
328.44768 3.0068 2.58016
330.63733 3.02 2.6
332.85638 3.0348 2.61328
335.10541 3.0512 2.62464
337.38503 3.0692 2.636
339.69589 3.0888 2.648
342.03862 3.11 2.66
344.41389 3.1328 2.67312
346.82238 3.1572 2.68496
349.26479 3.18256 2.6936
351.74184 3.20952 2.6984
354.25429 3.24 2.7
356.80288 3.27976 2.70008
359.38841 3.32048 2.69504
362.01168 3.3564 2.68072
364.67353 3.3856 2.65744
367.37481 3.41 2.63
370.11642 3.43016 2.60264
372.89925 3.44488 2.57432
375.72424 3.45256 2.54536
378.59237 3.45352 2.51672
381.50462 3.45 2.49
384.46202 3.44384 2.46704
387.46562 3.43512 2.44792
390.51654 3.42416 2.43392
393.61587 3.41192 2.42504
396.7648 3.4 2.42
399.96452 3.39192 2.41872
403.21626 3.38416 2.41936
406.52131 3.37416 2.41968
409.88099 3.36192 2.41936
413.29667 3.35 2.42
416.76975 3.3408 2.42224
420.30169 3.3332 2.42672
423.89402 3.32784 2.43536
427.54828 3.32408 2.44752
431.26609 3.32 2.46
435.04912 3.31096 2.46696
438.89912 3.30288 2.47488
442.81786 3.30088 2.4892
446.80721 3.30496 2.5096
450.86909 3.31 2.53
455.0055 3.30952 2.54216
459.21852 3.30936 2.55368
463.51028 3.31304 2.57
467.88302 3.32088 2.5908
472.33905 3.33 2.61
476.88077 3.33744 2.61824
481.51068 3.34552 2.62552
486.23137 3.35488 2.6392
491.04554 3.36616 2.6596
495.9560 3.38 2.68
500.96566 3.39928 2.6944
506.07755 3.41984 2.7056
511.29485 3.4388 2.71328
516.62083 3.4552 2.71776
522.05895 3.47 2.72
527.61277 3.48432 2.72008
533.28602 3.49576 2.71984
539.08261 3.50176 2.72088
545.00659 3.50232 2.72416
551.06222 3.5 2.73
557.25393 3.4944 2.73848
563.58636 3.4904 2.75144
570.06437 3.49376 2.77368
576.69302 3.50512 2.80296
583.47765 3.52 2.83
590.42381 3.53536 2.84008
597.53735 3.55168 2.84664
604.82439 3.56736 2.85704
612.29136 3.58272 2.87288
619.9450 3.6 2.89
627.79241 3.62216 2.90712
635.84103 3.64688 2.92296
644.0987 3.6732 2.93656
652.57368 3.7008 2.94632
661.27467 3.73 2.95
670.21081 3.7636 2.94288
679.39178 3.7956 2.92904
688.82778 3.82184 2.91072
698.52958 3.84008 2.88824
708.50857 3.85 2.86
718.77681 3.85032 2.82088
729.34706 3.83976 2.77984
740.23284 3.81512 2.74168
751.44848 3.77704 2.71056
763.00923 3.73 2.69
774.93125 3.67488 2.68888
787.23175 3.61784 2.70024
799.92903 3.56688 2.72312
813.04262 3.52296 2.75464
826.59333 3.48 2.79
840.60339 3.43264 2.81864
855.09655 3.38432 2.85112
870.09825 3.33536 2.89352
885.63571 3.28672 2.94744
901.73818 3.24 3.01
918.43704 3.19816 3.0828
935.76604 3.15888 3.1604
953.76154 3.12024 3.23448
972.46275 3.08288 3.30696
991.9120 3.05 3.39
1012.1551 3.02296 3.50576
1033.2417 3.00488 3.62888
1055.2255 3.00088 3.74336
1078.1652 3.01096 3.84472
1102.1244 3.03 3.94
1127.1727 3.05712 4.03328
1153.386 3.08616 4.11984
1180.8476 3.11264 4.19776
1209.6488 3.13208 4.26512
1239.890 3.14 4.32
1271.6821 3.151641 4.370118
1305.1474 3.153125 4.415937
1340.4216 3.145596 4.441855
1377.6556 3.11 4.44
1417.0171 3.022793 4.380869
1458.6941 2.784219 4.405234
1502.897 2.423574 4.566807
1549.8625 2.27375 4.815625
1599.8581 2.16749 5.104854
1653.1867 1.926328 5.393672
1710.1931 1.726847 5.736456
1771.2714 1.59 6.13
1836.8741 1.486465 6.531647
1907.5231 1.396406 6.959531
1983.824 1.299336 7.420273
2066.4833 1.21 7.96
2156.3304 1.181875 8.563515
2254.3455 1.211875 9.193125
2361.6952 1.279297 9.847266
2479.780 1.4 10.5
